# Created by Octave 4.0.3, Sun Jul 10 18:23:35 2016 GMT <unknown@tong-PC>
# name: ans
# type: string
# elements: 1
# length: 2
qt


# name: t
# type: range
# base, limit, increment
0 6.283185307179586 0.01


# name: x
# type: matrix
# rows: 1
# columns: 629
 0 0.009999833334166664 0.01999866669333308 0.02999550020249566 0.03998933418663416 0.04997916927067833 0.0599640064794446 0.06994284733753277 0.0799146939691727 0.08987854919801104 0.09983341664682815 0.1097783008371748 0.1197122072889194 0.1296341426196949 0.1395431146442365 0.1494381324735992 0.159318206614246 0.169182349066996 0.1790295734258242 0.1888588949765006 0.1986693307950612 0.2084598998460996 0.2182296230808693 0.2279775235351884 0.2377026264271346 0.2474039592545229 0.2570805518921551 0.2667314366888311 0.2763556485641138 0.2859522251048355 0.2955202066613395 0.3050586364434435 0.3145665606161178 0.3240430283948684 0.3334870921408144 0.3428978074554514 0.3522742332750899 0.361615431964962 0.3709204694129827 0.3801884151231614 0.3894183423086505 0.3986093279844229 0.4077604530595701 0.4168708024292108 0.4259394650659996 0.4349655341112302 0.4439481069655198 0.4528862853790683 0.4617791755414829 0.470625888171158 0.479425538604203 0.4881772468829075 0.4968801378437367 0.5055333412048469 0.5141359916531132 0.5226872289306592 0.5311861979208834 0.5396320487339693 0.5480239367918736 0.5563610229127838 0.5646424733950354 0.5728674601004813 0.5810351605373051 0.5891447579422695 0.5971954413623921 0.6051864057360395 0.6131168519734338 0.6209859870365597 0.6287930240184686 0.636537182221968 0.6442176872376911 0.6518337710215366 0.6593846719714731 0.6668696350036979 0.6742879116281451 0.6816387600233341 0.6889214451105513 0.6961352386273567 0.7032794192004101 0.7103532724176078 0.7173560908995228 0.7242871743701426 0.7311458297268959 0.7379313711099628 0.7446431199708593 0.7512804051402927 0.757842562895277 0.7643289370255051 0.7707388788989693 0.7770717475268238 0.7833269096274834 0.7895037396899505 0.795601620036366 0.8016199408837772 0.8075581004051143 0.8134155047893737 0.8191915683009983 0.8248857133384501 0.8304973704919705 0.8360259786005205 0.8414709848078965 0.8468318446180152 0.852108021949363 0.8572989891886034 0.8624042272433384 0.867423225594017 0.8723554823449863 0.8772005042746817 0.8819578068849475 0.8866269144494873 0.8912073600614354 0.8956986856800476 0.9001004421765051 0.9044121893788259 0.9086334961158833 0.9127639402605211 0.9168031087717669 0.9207505977361357 0.9246060124080203 0.9283689672491666 0.9320390859672263 0.9356160015533859 0.9390993563190676 0.9424888019316975 0.9457839994495389 0.9489846193555862 0.9520903415905158 0.9551008555846923 0.9580158602892249 0.9608350642060727 0.963558185417193 0.966184951612734 0.9687151001182652 0.9711483779210446 0.9734845416953194 0.9757233578266591 0.9778646024353163 0.9799080613986142 0.9818535303723598 0.9837008148112766 0.9854497299884603 0.9871001010138504 0.9886517628517197 0.9901045603371778 0.9914583481916864 0.9927129910375885 0.9938683634116449 0.9949243497775809 0.99588084453764 0.9967377520431434 0.9974949866040544 0.9981524724975481 0.998710143975583 0.999167945271476 0.9995258306054791 0.999783764189357 0.9999417202299663 0.9999996829318346 0.9999576464987401 0.9998156151342908 0.9995736030415051 0.9992316344213905 0.998789743470524 0.9982479743776325 0.9976063813191737 0.9968650284539189 0.9960239899165367 0.9950833498101802 0.994043202198076 0.9929036510941185 0.9916648104524686 0.990326804156158 0.9888897660047015 0.9873538397007164 0.9857191788355535 0.9839859468739369 0.9821543171376185 0.9802244727880455 0.9781966068080447 0.9760709219825242 0.9738476308781951 0.9715269558223153 0.9691091288804563 0.9665943918332975 0.9639829961524481 0.9612752029752999 0.9584712830789142 0.9555715168529439 0.9525761942715953 0.9494856148646305 0.9463000876874145 0.9430199312900105 0.9396454736853249 0.9361770523163061 0.9326150140222005 0.9289597150038693 0.9252115207881683 0.9213708061913954 0.9174379552818098 0.9134133613412252 0.9092974268256817 0.9050905633252009 0.9007931915226273 0.8964057411515598 0.8919286509533796 0.8873623686333755 0.8827073508159741 0.8779640629990781 0.8731329795075164 0.8682145834456126 0.8632093666488737 0.8581178296348089 0.8529404815528762 0.8476778401335698 0.8423304316366457 0.8368987907984977 0.8313834607786831 0.825784993105608 0.8201039476213742 0.814340892425796 0.8084964038195901 0.8025710662467472 0.7965654722360865 0.7904802223420048 0.7843159250844198 0.7780731968879212 0.7717526620201257 0.7653549525292536 0.7588807081809218 0.7523305763941707 0.74570521217672 0.7390052780594708 0.7322314440302514 0.7253843874668195 0.7184647930691263 0.7114733527908443 0.7044107657701763 0.6972777382599378 0.6900749835569364 0.6828032219306397 0.675463180551151 0.668055593416491 0.6605812012792007 0.6530407515722648 0.6454349983343707 0.6377647021345036 0.6300306299958922 0.6222335553193047 0.6143742578057118 0.6064535233783147 0.5984721441039565 0.5904309181139127 0.5823306495240819 0.5741721483545723 0.5659562304487028 0.5576837173914166 0.5493554364271266 0.5409722203769886 0.5325349075556212 0.5240443416872761 0.5155013718214642 0.5069068522480534 0.4982616424118386 0.4895666068265995 0.4808226149886483 0.4720305412898826 0.4631912649303452 0.4543056698303065 0.4453746445418711 0.4363990821601263 0.4273798802338298 0.418317940675659 0.4092141696720173 0.4000694775924195 0.3908847788984522 0.3816609920523317 0.3723990394250553 0.3630998472041683 0.3537643453011427 0.34439346725839 0.3349881501559047 0.32554933451756 0.3160779642170538 0.3065749863835229 0.2970413513068324 0.2874780123425444 0.2778859258165868 0.2682660509296179 0.2586193496611108 0.2489467866731526 0.2392493292139824 0.2295279470212642 0.2197836122251169 0.2100172992508992 0.2002299847217705 0.190422647361027 0.1805962678942329 0.1707518289511453 0.1608903149674558 0.1510127120863438 0.1411200080598672 0.1312131921501838 0.1212932550306298 0.1113611886866496 0.1014179863166019 0.09146464223243675 0.08150215176026912 0.07153151114084326 0.06155371742991315 0.05156976839853464 0.04158066243329049 0.0315873984364539 0.02159097572609596 0.01159239393615828 0.001592652916486828 -0.008407247367148618 -0.01840630693305381 -0.02840352588360379 -0.03839790450523538 -0.04838844336841415 -0.05837414342758009 -0.06835400612104778 -0.0783270334708653 -0.0882922281826076 -0.09824859374510868 -0.1081951345301084 -0.1181308558918178 -0.1280547642663797 -0.1379658672712273 -0.1478631738043185 -0.1577456941432487 -0.1676124400442183 -0.1774624248408606 -0.1872946635429032 -0.1971081729346698 -0.2069019716733998 -0.2166750803873796 -0.2264265217738831 -0.236155320696897 -0.245860504284637 -0.2555411020268312 -0.2651961458717734 -0.274824670323124 -0.2844257125364625 -0.2939983124155676 -0.3035415127084293 -0.3130543591029702 -0.322535900322479 -0.3319851882207341 -0.341401277876821 -0.3507832276896198 -0.3601300994719686 -0.3694409585444771 -0.378714873828998 -0.3879509179417303 -0.3971481672859602 -0.4063057021444168 -0.4154226067712463 -0.4244979694835826 -0.4335308827527177 -0.4425204432948525 -0.4514657521614232 -0.4603659148289983 -0.4692200412887271 -0.4780272461353429 -0.4867866486556994 -0.4954973729168449 -0.5041585478536115 -0.5127693073557238 -0.5213287903544065 -0.5298361409084934 -0.5382905082900177 -0.5466910470692872 -0.5550369171994238 -0.56332728410037 -0.5715613187423437 -0.5797381977287431 -0.5878571033784827 -0.5959172238077642 -0.6039177530112606 -0.6118578909427193 -0.6197368435949633 -0.6275538230792936 -0.6353080477042756 -0.6429987420539088 -0.6506251370651673 -0.6581864701049049 -0.6656819850461192 -0.6731109323435617 -0.680472569108694 -0.6877661591839738 -0.694990973216472 -0.7021462887308054 -0.7092313902013861 -0.7162455691239705 -0.7231881240865121 -0.7300583608392995 -0.7368555923643834 -0.7435791389442746 -0.750228328229919 -0.7568024953079282 -0.7633009827670734 -0.7697231407640244 -0.7760683270883323 -0.7823359072266528 -0.788525254426195 -0.7946357497573974 -0.8006667821758177 -0.8066177485832405 -0.8124880538879843 -0.8182771110644103 -0.8239843412116258 -0.8296091736113709 -0.8351510457850935 -0.8406094035501945 -0.8459837010754465 -0.8512734009355745 -0.8564779741650012 -0.8615969003107405 -0.8666296674844443 -0.8715757724135882 -0.8764347204918014 -0.8812060258283253 -0.8858892112966027 -0.8904838085819885 -0.8949893582285835 -0.8994054096851777 -0.9037315213503057 -0.9079672606164054 -0.9121122039130803 -0.9161659367494549 -0.920128053755624 -0.9239981587231879 -0.9277758646448755 -0.9314607937532425 -0.9350525775584494 -0.9385508568851079 -0.941955281908201 -0.9452655121880633 -0.9484812167044256 -0.951602073889516 -0.9546277716602164 -0.9575580074492711 -0.9603924882355434 -0.9631309305733167 -0.9657730606206388 -0.9683186141667072 -0.9707673366582883 -0.9731189832251739 -0.9753733187046665 -0.977530117665097 -0.9795891644283669 -0.9815502530915156 -0.9834131875473108 -0.9851777815038595 -0.9868438585032365 -0.9884112519391306 -0.9898798050735039 -0.991249371052267 -0.9925198129199632 -0.9936910036334645 -0.9947628260746756 -0.9957351730622453 -0.9966079473622855 -0.9973810616980933 -0.9980544387588794 -0.9986280112074989 -0.9991017216871848 -0.999475522827284 -0.999749377247994 -0.9999232575641008 -0.999997146387718 -0.9999710363300245 -0.9998449300020044 -0.9996188400141854 -0.999292788975378 -0.9988668094904142 -0.9983409441568876 -0.9977152455608933 -0.9969897762717695 -0.9961646088358407 -0.9952398257691626 -0.9942155195492713 -0.9930917926059354 -0.9918687573109126 -0.9905465359667132 -0.9891252607943698 -0.9876050739202153 -0.9859861273616704 -0.9842685830120416 -0.9824526126243325 -0.9805383977940689 -0.9785261299411385 -0.9764160102906497 -0.9742082498528091 -0.9719030694018208 -0.9695006994538088 -0.967001380243766 -0.9644053617015305 -0.9617129034267934 -0.9589242746631385 -0.9560397542711181 -0.9530596307003675 -0.9499842019607608 -0.9468137755926089 -0.9435486686359066 -0.9401892075986283 -0.9367357284240789 -0.9331885764572976 -0.9295481064105251 -0.9258146823277321 -0.9219886775482162 -0.9180704746692669 -0.914060465507907 -0.9099590510617106 -0.9057666414687044 -0.9014836559663548 -0.8971105228496424 -0.8926476794282346 -0.8880955719827542 -0.8834546557201531 -0.8787253947281899 -0.8739082619290224 -0.8690037390319161 -0.8640123164850744 -0.858934493426592 -0.8537707776345433 -0.8485216854762041 -0.8431877418564168 -0.8377694801650978 -0.8322674422239013 -0.8266821782320357 -0.821014246711247 -0.8152642144499634 -0.8094326564466194 -0.8035201558521553 -0.7975273039117042 -0.791454699905466 -0.7853029510887806 -0.7790726726314031 -0.7727644875559871 -0.7663790266757844 -0.759916928531561 -0.7533788393277465 -0.7467654128678123 -0.7400773104888944 -0.7333152009956565 -0.7264797605934131 -0.7195716728205075 -0.7125916284799615 -0.7055403255703919 -0.6984184692162135 -0.6912267715971264 -0.6839659518769007 -0.6766367361314569 -0.669239857276262 -0.6617760549930369 -0.6542460756557914 -0.6466506722561834 -0.6389906043282237 -0.6312666378723208 -0.6234795452786853 -0.6156301052500863 -0.6077191027239858 -0.5997473287940438 -0.5917155806310094 -0.5836246614030073 -0.5754753801952172 -0.5672685519289686 -0.5590049972802488 -0.5506855425976376 -0.5423110198196698 -0.5338822663916443 -0.5254001251818793 -0.5168654443974288 -0.5082790774992584 -0.4996418831169024 -0.490954724962601 -0.4822184717449315 -0.4734339970819351 -0.4646021794137574 -0.4557239019148047 -0.44680005240543 -0.4378315232631469 -0.4288192113333959 -0.4197640178398589 -0.4106668482943409 -0.4015286124062146 -0.3923502239914539 -0.3831326008812513 -0.373876664830236 -0.3645833414243013 -0.3552535599880426 -0.3458882534918288 -0.3364883584585042 -0.3270548148697406 -0.3175885660720348 -0.3080905586823781 -0.2985617424935936 -0.2890030703793611 -0.2794154981989259 -0.2697999847015162 -0.2601574914304681 -0.2504889826270749 -0.2407954251341592 -0.2310777882993922 -0.2213370438783587 -0.211574165937385 -0.2017901307561289 -0.191985916729955 -0.182162504272095 -0.1723208757156102 -0.1624620152151542 -0.1525869086485611 -0.1426965435182577 -0.1327919088525167 -0.12287399510655 -0.1129437940634674 -0.1030022987350978 -0.09305050326268891 -0.0830894028174964 -0.07311999350126308 -0.06314327224661277 -0.05316023671735613 -0.04317188520872868 -0.03317921654755682 -0.02318322999237945 -0.01318492513352125 -0.00318530179313799


